2136
-1068
-9613
-4272
-2136
-3738
-5340
-3204
-4806
-3204
3204
3738
2403
-4005
-4806
-5073
-3204
-1068
-2670
801
2670
-3738
-3471
-5073
-2403
-1869
-7209
-7743
-3471
-2136
-5340
-3471
-5607
-4272
-4272
-6141
-4272
-7209
-6675
-5607
-4539
-5607
1869
-3471
-2670
-1335
-3471
-2937
-5607
-1335
1068
-3204
-1068
0
-5340
-2670
-3471
-6675
-2937
-5340
-6675
-5073
-1869
-9346
-6675
-5073
1335
0
-2670
-6408
-1335
-4539
-5340
-2670
534
-267
-4539
-267
3204
2937
-1335
-3204
2136
-5340
-7476
-2136
2136
-5340
-2670
-6408
-6141
-5874
-3204
-1068
-5340
-3738
-2670
-534
2136
-6408
0
534
-1068
-4806
-4005
-2937
-1602
267
-1869
-2937
-6408
-2136
-801
801
-4539
-3738
-1869
-5874
-5874
-5340
-3204
-8544
-3204
-2670
0
-1068
2136
-3204
-2136
-4005
-3204
-3738
-5340
-3471
-5340
-5874
-3204
-1068
2670
-5874
-1602
-8010
-7476
-4272
-1068
-534
-267
267
-1602
-3738
-6942
-9613
1068
-5340
-4272
-3738
-1068
-3738
-4272
-534
6942
3471
-1869
-10681
-4272
-8010
-5340
-9613
-7209
-1602
2136
2670
-3738
-4272
534
-534
-4806
-5340
-2136
-2670
0
-1602
-6942
-2670
-8010
-6942
-6942
-1602
-6141
-534
1602
0
-5340
-5874
-534
3204
-1068
-3738
-3738
-2136
-5874
-4272
-534
-4806
-7476
-8277
-3204
-7743
-10414
-6141
-801
-1869
-4539
-8277
-1335
801
-2403
-7743
-3471
-6141
-2937
-4272
-5607
-10147
-2670
-1602
-6942
-2670
-5340
-6942
-6408
-4806
534
-3738
-4272
1068
1602
-3738
-267
-5874
-3738
-4806
-267
-6942
-4272
1335
-5073
-5340
-5607
-6408
-5607
-1869
0
-6408
-5340
-3204
534
-4806
-3204
-4005
-4272
1068
-2937
-4806
-11215
-4806
-7476
-6675
-3471
-1602
-1602
2670
1869
0
267
801
2670
4272
1068
534
-3204
-3204
-1068
2403
-1869
-2403
-801
-4005
-267
1068
2937
-4539
-2403
-801
2670
1068
-2136
-5340
-6141
-7209
-3471
-1335
-4005
-4539
-5607
-4005
-1335
-6675
-4005
1335
-5607
-4539
-801
1335
-2937
-1869
-6141
-6675
3471
1869
801
0
-5607
-7743
-3471
-4005
-10948
-2403
-1869
-534
-2670
-5874
-6408
267
2403
-8277
-4005
267
-2403
267
-267
-4005
-267
-5607
-3471
-267
-1869
-801
-801
1602
534
-3204
-3738
-2136
-801
-2937
-4806
-1068
2136
-3204
-7476
-9078
-9880
-3471
-5607
-3471
-2937
-1335
-1335
267
-1869
-3204
-2937
-2937
3471
801
-5607
-5607
-1869
-3471
267
-267
-4005
-7743
-8811
-6141
-2403
-3738
-2937
-801
-2403
-5073
-2403
-267
-3471
-4806
-2136
-534
-1335
-801
2403
-1335
1602
-5073
-801
-267
-2670
-7209
-801
-2403
1602
-1602
-3471
-10147
-8277
-8010
534
267
-5073
-7209
-3471
-3471
-267
-1869
267
-8277
-4005
-3738
-5874
-3738
2403
4539
801
-2937
-6141
-5073
-4539
-2403
-267
-2937
-3471
-801
-534
-267
-2937
-6675
-4005
-1869
-1869
-2937
-2670
-1068
267
-1335
-2937
-534
-7209
-7743
-6141
-6675
-5073
-4272
-801
-3471
-4806
-3204
-3738
-801
-7476
-7476
-534
-9078
-4806
-534
-534
-267
534
1335
-801
-3471
-2937
-2670
-2136
-5340
-4272
-2403
-3738
267
3471
2403
-801
-2937
-5073
-7209
-5073
-6141
-5874
-7209
-801
3738
0
-1335
-1335
-2670
-4806
-2670
-4806
-1602
-10147
-1602
801
-2937
-4005
-267
267
-267
2403
-2937
-7743
-3471
-4539
-4005
-10414
-8544
-3204
2403
1335
-2937
-1335
-4005
-5607
1869
534
-4806
2937
1869
-2403
-6675
-4005
-4539
801
-2937
-7743
-4539
-6408
-1068
3204
1869
2670
1602
-2670
-4806
-2136
-7476
-2136
-6141
-5607
-8811
-801
-4005
-1869
1335
2937
1602
-5874
-2670
1602
-5874
-7743
-3471
267
-1869
-4539
-6675
-11482
-2937
-2937
-1602
-3738
-534
1602
1335
-267
-2937
0
1602
-2136
-2670
-1602
-1602
2670
534
-2136
-9613
-10681
-9346
-801
-3471
-6141
-8277
-2937
-2136
-3738
-4005
-8010
-4806
-3204
-534
-3204
-3471
-2937
-2670
-9078
-5340
534
-1068
2937
-801
-3471
-2403
267
0
-2403
-8811
-9346
-2937
-2937
-5073
-4806
-3738
-1602
-5874
-3204
-1068
-534
-2403
-4272
-2136
-1602
-2403
-4272
-4272
-1068
267
-267
-1869
-5607
-8544
2403
-267
-2403
-2403
-6675
-6942
-5874
-8544
-3204
1068
-2136
1068
534
-3738
-801
2403
-1869
801
-534
-3204
2136
3204
534
0
2670
3204
4272
-4272
-17356
-15487
-13084
-4539
-10147
-8010
-9613
-3204
1068
-5340
-2136
-5340
-3204
1068
-4272
-4539
-7209
-7476
-7209
-9346
-5073
-4272
0
-267
267
-4005
-6675
-4539
-6141
-5607
801
3471
-801
-7209
-7743
-2403
-5607
-1335
-6675
-6675
-10147
-5874
-4806
-8010
-5874
-6942
-2670
-6942
-4539
0
1068
-1602
-2937
-4806
-5874
-5874
-534
534
2670
267
801
-1068
-1869
-267
-2937
-3738
-4539
-267
0
-2670
-6675
-4539
-5607
-6141
-2937
-801
-1335
2136
-3204
1068
-801
-2937
-9078
-7209
-7743
-3471
-6675
-4539
-8811
1869
-1869
-6141
-4539
801
-267
-3471
-267
-2403
-2403
-2403
-5073
-4539
-4806
-3471
-2136
-1335
-4005
0
-1602
1602
-5874
-6141
-4539
4272
1068
-7476
-10414
-6141
-5607
-8811
-4539
-2937
-1869
267
-4005
-4539
1869
2403
-1869
-5073
-1068
3204
2670
-3738
-3204
-5340
-4539
-2937
-6408
-6942
-4272
-3738
-2136
-4272
-6675
-5874
-5073
-8277
-2937
-267
-6675
-6408
-5607
-7476
-6942
-2670
-8010
-5874
-6408
-5073
-6675
-2403
-4272
-2670
0
267
-2937
-3738
-4272
-6408
2670
-1602
-1068
-801
-2403
-10147
-5874
-3738
-1602
-8010
-534
-3738
-3204
-1335
-3471
-6141
-6408
-6408
-5874
-6408
-8811
0
-5607
-3204
0
-534
-4806
-4272
-4272
-2937
267
-3471
-3738
-2670
-5340
-9078
-3738
-1602
-2937
-2403
-8010
-3738
-5607
-8010
-8277
-7476
-1068
-1335
-1869
-534
-3738
-3471
-1602
-1869
-3738
1602
-3204
-2937
1335
0
-4272
-6408
-3738
-4005
-3738
-4272
0
1335
1869
-1869
-2937
3471
-7209
-10414
-11215
-8010
-7743
-1335
-3471
-3738
-2670
1602
-6942
-7209
-2937
-3738
-4539
-7209
-4272
-7476
-3204
-3204
-7743
-2136
-7743
-8811
-3471
-2136
534
-6942
-7209
-5073
-4539
-5340
-8277
-9346
-4005
-2136
-1869
1335
-1869
-9346
-5073
-4272
-8811
-3471
-2670
-2670
-4539
-2403
-5073
-2403
-2670
-534
-6942
-6141
-5874
-3738
-8010
-6141
-6141
-1869
-6141
-2403
-7743
-3471
-1068
-1068
1335
2937
-3471
-4539
-4539
-4005
-2403
-4005
-6675
-9346
-2937
-801
-2937
-8277
-9613
-5340
-3204
-4806
-9078
-2670
534
-3738
-12817
-2136
-2136
-3204
-2670
-4272
-3204
-3738
-4272
-5073
-4806
-7476
-10681
-11482
-6141
-5607
-3471
-2403
-1068
-6675
-7476
-3204
-1068
-2136
-3204
-5874
-2670
0
1068
1335
-2136
-6675
-2403
-6942
-4806
-1068
-801
-5073
-9078
-7743
-7476
-3738
-2670
-6942
-2670
-3204
-3738
-1068
-1068
-1068
-1602
-4806
-2670
-1869
-534
-1869
1335
-1068
-5073
-2136
-4272
-8811
-7743
-1335
-3471
-5073
-7209
-7476
-4806
-5607
-7209
-4005
-4272
-5874
-267
-9078
-6408
-2136
-2403
-4272
-267
-534
-4272
-6408
2136
-534
-1869
267
-2136
-5607
-2937
-801
-1068
-12016
-8277
-10147
-8277
-7209
-7476
-4272
2403
1602
-4806
-4539
-6675
-4005
-6408
-801
-2937
-7209
-6942
-7209
1068
-801
-7476
-8544
-7209
-1869
-3738
-6942
-6942
-5874
-6141
-5073
-3204
-5874
-5340
-1602
-5874
-1602
-4272
-534
-3204
-534
-3204
-5340
-4806
1602
-267
-4539
-5874
-2670
-4539
-3204
-5607
-5340
-2937
-5340
-2403
-5340
267
-2403
-1335
-2670
-5874
534
-4806
-2670
-3738
-8010
-7209
-5340
-2670
0
267
-5073
-4272
-7476
-1869
-5073
-2403
-1335
-5607
-4005
-7743
-4539
-4005
-5073
-7743
-6942
-7209
-1869
1068
-2670
-4005
-5073
-1869
1335
-4005
-7209
-7209
-7743
-5340
-4272
-4539
3204
-3204
-4005
-6675
-5607
-5340
-4806
-3738
-6942
-4806
-4806
-5607
-2937
-3738
-8010
-5340
-3738
-3204
-4806
-6141
-4005
-5340
-3738
-1602
-1068
0
-4272
-4806
-6408
-2136
-267
-5607
-6942
-267
-1869
-2670
-4005
-5073
-5073
-8010
-5874
801
-3471
-1602
-1869
-1869
-1335
-9880
-7209
-4539
-801
267
801
-267
2136
2670
-3738
-2136
-4272
-3204
-3738
-9078
-6942
-534
-5874
-4806
-8277
-4539
-534
1602
4272
2136
-267
267
-3471
-5607
-2403
-5607
-5607
-4272
-9613
-1068
-2403
-3204
-3738
-6942
-8010
-6408
-5340
-8010
-8010
-5340
-7209
-3471
-5073
1335
-4005
-7743
-2403
-3738
-2403
-1869
1068
-6675
-2670
-2670
-3204
-3738
-1602
-1602
-5874
-1602
-2136
-2670
-1602
-5340
-2670
-2136
-534
-4272
-4806
-2136
-3738
-1602
-8010
-9078
-2670
-3471
-4272
-534
2670
-1602
-3204
-5874
-3204
-1068
-2403
-4806
-801
-6408
-6942
-8010
-3738
-6408
-4272
-7476
-9078
-7743
-5073
-7209
-9880
-3471
-1602
-5874
-4005
-4539
-8544
-10147
-6408
1068
1068
-4272
-4806
-4005
-4005
-5874
-267
-3471
-267
-534
-5874
-6141
-1869
801
3738
-534
-1335
-4005
-9613
-10147
-10414
-4005
-2136
-4005
-5340
-6408
-5607
-4005
-2403
-5073
-1335
-5073
-4005
-1335
-1869
-3471
-4272
-801
-4005
-7743
-6141
-801
-2937
-1335
-2403
-5607
-7209
-7209
-5073
-3471
-9078
-6408
-9078
-12817
-10414
-1869
-2136
-534
-4806
-5607
-267
534
-8010
-6942
-3204
-4806
-2670
-4005
-7209
-9880
-6141
-9880
-5607
-1335
-267
2670
-5874
-3738
0
-1602
-3204
-4806
-9078
-534
534
-5340
-5340
-4005
-4272
-3738
-5073
-5874
-6408
-5874
-534
-534
-1335
-2136
-6408
-4272
-1602
-5340
-8010
-6141
-4272
-8544
-10681
-8811
-7209
-7743
-1335
-5607
-3471
-267
-6675
-2403
-13084
-8811
-8544
-2937
-7476
-8811
-3471
-1335
-801
-801
-4005
-5073
-7209
-9078
-3738
-267
-2403
-4005
-6141
-2937
-267
0
-4272
-8010
-7209
-6675
-2937
1335
534
-3738
-5607
-2670
3738
-4272
-2403
-6675
-1335
-3204
-5073
-3471
-267
1335
-2937
-3738
-7743
-4539
-5874
-5340
-3204
-5340
-3204
-5874
-2670
-5874
-8544
-6408
-5340
-3738
-1602
-2670
-2403
-3471
-3204
1335
801
-2403
-6675
-6675
-4005
-4005
-5073
3471
-4005
-1335
-4005
-8277
-6942
-5607
-5874
-8544
-10147
-5340
-1068
-3204
-2136
-4272
-5874
-4005
-7209
-3204
-534
-4806
-4272
-2937
-4539
-3204
-6942
-4272
-2136
-1602
-801
-5340
-5874
-4272
-2136
-5340
-3204
-5340
-7209
-4005
-5340
-3204
-1335
-6408
-4272
-534
-4272
-8544
-6942
-5340
-2136
-4806
-534
-4272
-3738
-2136
-1335
0
1335
-6141
-7209
-6408
-6942
-6408
-3204
-4272
-7476
-4272
-6942
-2670
-5340
-5340
-5340
-4272
1068
-2136
-2136
801
-1335
-801
-7209
-1869
-1335
-801
1602
-2670
-6675
-10414
267
-534
-267
-5874
-6141
-4539
-2136
-7743
-5607
-2937
-1335
-2937
-3471
-8811
-3471
-1869
-7209
-6141
-5073
801
-1869
-4539
-3738
-5073
-1869
-1068
-2136
534
-3204
-6408
-2136
-534
-2670
-5874
-5340
-3738
-5607
-5874
-3738
-7209
-8811
-9613
-4272
-6675
-9078
-1335
-2670
-2670
-1869
-1335
1335
267
-1335
-2403
-2136
-1335
-5073
-4806
-5607
-6141
-6675
-5874
-6675
-2937
-4005
-4005
-4005
1335
-1869
534
1068
-2136
-5340
-4005
-2937
-5874
-534
-534
-3738
-10147
-8010
-4806
-5340
-4005
-5874
-4272
-534
-2937
-9613
-6408
-8277
267
-1869
-2937
-5607
-5874
-3738
534
-801
-8811
-2403
-2937
-7209
-6675
-2937
-1335
-4539
-2937
-7209
-8544
-9078
-5073
-3204
-1602
3738
-2937
267
-534
-2670
-4272
-2136
-4005
-4005
1602
1068
-1602
-3204
1068
-1335
-5340
-801
-2403
-2403
-1335
-3471
-6675
-1335
801
801
-267
-2403
-1335
-1602
-3738
-1068
1602
-6942
-11482
-5073
-3738
-1068
-7476
-5607
-8277
-11749
-8544
-5874
-5340
-3738
-3738
-5607
-1335
-3471
534
-2670
-1068
-2136
-4806
-7476
0
-2136
-2670
-5874
-534
-2670
-9078
-4806
1602
-2670
1335
-5073
-6675
-2136
-9880
-6675
-5073
-3738
-7476
-3204
534
1068
-4272
-3738
-3471
-4005
-4806
-1602
-2136
-6408
-7476
-6408
-5340
-7476
-2670
-534
-2670
534
-4806
-6675
-4539
-6675
-2670
-8277
-1602
-5073
-4005
-4539
0
-5340
-2136
-1869
-6141
-10681
-10414
-1869
-5607
-4539
-2403
-3471
-4005
-2136
-3204
-4539
-7743
-4539
-1869
-6141
-3471
-2670
-6942
-3204
-4272
-7476
-8544
-8544
-3204
-5340
-3204
-5073
-5340
-3471
-6408
-2136
-6408
-8010
-6942
-7743
-6675
-4005
-5607
-8811
-5607
-267
-3471
-6141
-1869
-6141
-8277
-4005
-7743
-6141
-5073
-5340
-2670
-6942
-5073
267
801
-267
-2937
-9346
-2937
-1602
3204
-1068
-5340
-4005
-9346
-8010
-9346
-4005
-3471
-5607
-4005
-9346
-801
-8277
-801
801
-3738
-5073
-6675
-4539
-6141
-3471
-4272
-6408
-9880
-8544
-4272
-2937
-2403
-3471
-7209
-7476
-11215
-4806
-3738
-5340
-801
-2670
-5340
-9880
-9613
-5874
-2136
-3204
-5340
-3471
-1335
801
801
-4539
-6141
-8277
-6675
-3471
-2937
-4272
267
-267
-5607
-4539
-5073
-6675
-4539
-1335
-5607
-4005
-6675
-3471
-1335
-4005
-4005
-5073
-6675
-8010
-4806
-5073
-1869
267
-534
-8277
-4539
-1335
-2937
-267
-2937
-2937
-3204
-1068
-8010
-4806
1602
-6942
-6408
-2670
-1602
-5874
-8010
-6675
-4539
-1869
-534
-4272
-3204
-2403
-3204
-4806
534
-1869
-1869
-3471
-801
-801
-3471
-4806
-2670
-4806
-2136
534
-2670
-1602
-3738
-7743
-1335
-6675
-2937
-4539
-1869
1602
-5340
-5073
-3738
-1068
-534
4806
-534
-4272
-5874
-8010
-3738
0
2937
-4539
-6942
-1602
-7476
-10147
-5874
-8544
2136
-534
-4806
-4806
-3738
-2670
0
-7476
-2136
-6408
-3738
-6408
-4806
-2136
-9880
-5607
-5073
-3204
-6408
-1068
-534
-6141
-2937
1602
534
-2670
-1602
-5874
-5340
-7209
-4539
-5340
-1068
-1068
-5340
-4539
-2670
-4806
-3204
-2403
-4539
-2670
-2670
-534
-534
1602
-1335
-3471
-6408
267
-6408
-6408
-6942
-7476
-8010
-6408
0
534
-534
3471
-5874
-8010
-7476
-4272
-5340
-1068
-8544
-4272
-1602
-5874
-3738
-3738
-4272
-2136
-6408
-2670
-4806
-3471
-4806
-6942
-5073
-1335
-9880
-5607
-5073
-6141
-2937
-4539
-3738
-6942
-4806
-2136
-801
-6141
-1869
-5073
-11749
-6408
-5874
-10147
-5340
-4272
-7476
-7476
-11482
-5073
-9346
-5073
-3471
-4005
-2937
1335
4272
-3204
-5340
-6408
-6408
-5340
-4272
-2937
-1068
534
-1602
-4272
-3738
-4806
-1602
-5874
-6408
-4272
-4272
-10681
-7476
0
-4272
-7476
-7743
1068
-267
-534
-6942
-4806
-2136
-1068
-2136
-3204
-801
-534
267
-5073
-6675
-267
-2136
-5340
-6141
267
-5073
-4806
-3471
-7743
-5607
-5073
-4005
-267
-5607
-1869
-4005
-7743
-6408
-8544
-4272
-6408
1068
-4272
-801
-801
-2937
-7209
-4005
-5607
-5340
-5874
-8544
-6942
-1602
1068
-4272
-3738
-6942
-7476
-5607
-2403
-2670
-6408
-2136
-1602
-1335
-6942
-8010
-5340
-3204
-7476
-7209
-2937
-8010
-8811
-5607
-3738
-11215
-9078
-5874
-4272
-4539
-3204
-1869
-1068
-4806
-6141
-3471
1869
-1602
-3738
1602
-4806
-6942
-534
-5874
-1602
-3738
-3738
-8010
-6675
-1335
-5607
-8277
-9078
-6141
-6141
-5340
-8544
-6408
-4539
801
1869
2136
-4272
-2937
-4272
-2403
-8811
-6675
-4539
1068
-2136
-5340
-2670
-1869
-5073
-1869
-4539
-1602
0
-5340
-4539
-3738
-4539
-7743
-4539
1068
-7476
-6141
-5874
-4272
-8010
-6408
-3738
-4806
-534
-3738
-534
-1335
-2136
-4005
-9346
-3204
-1068
-9613
-9078
-8010
-3738
-4005
-3738
-4272
-1068
-3204
2136
-4272
-7476
-3738
-5874
-4806
-5073
-4272
-4272
-1068
-1335
-5073
-3738
-6408
-6141
-5340
-9078
-5340
-2670
-8010
-2670
534
-6942
-4272
-6942
-5340
1068
1602
4005
-2937
-4272
-5073
1335
1335
-2937
-3471
-5073
-4539
-1335
2136
-3204
-4806
-1602
-3204
1068
3738
-1602
-2670
-3204
-3204
801
-5607
-4005
-801
-2136
-6408
-2136
-5340
-8277
-10414
-7209
-2136
-2670
-1335
-5607
-3471
-2670
-5874
-3738
-3738
-3471
-2403
-6675
-6675
-1335
-4005
-2670
1068
-1068
-8544
-3204
-4272
-6942
-2670
-6942
-5340
-1068
-1602
2670
-3738
-5874
-9078
1602
-2136
-2136
2136
-3204
-5874
-267
-801
-2937
-7476
-5874
-6408
-6942
-2670
-3738
-2670
-8010
-7476
-4806
-2937
-3471
-4806
-3204
-4272
-1068
-3204
-9880
-6141
-6408
-5073
-801
-8277
-6675
-1869
-3471
-2937
-8277
-4005
-5073
-7209
-5073
-2937
-5073
-9078
-5340
-5340
-2136
-6408
-2670
2937
3738
1602
-2136
-1068
-5340
-4539
-1602
-6141
-8811
-8010
-3738
2670
1602
3738
-3738
-2136
-3738
1602
-2136
801
-267
801
-3471
-2937
-6141
-4539
-9880
-8811
-6675
-5607
801
-5874
-2670
-2403
-3204
1335
-801
-7476
-5874
-2670
267
2403
-2937
-5073
-5073
-5340
-6408
-3738
-3738
-8010
-11215
-7476
-5607
-3471
-2670
-2136
-6408
-7476
-3204
-5340
-6408
-9613
-4272
-6675
-5607
-9613
-11215
-8010
-9078
-6675
-4539
-10414
-7743
-7743
801
-3471
-3471
-5607
-7743
-1335
5340
-1068
-534
-1602
-5340
-9613
-3204
-3738
0
-1602
-8010
-7476
-5340
-3204
-1068
-6408
-5340
-1602
-5340
-3204
-5874
-6408
-6408
-5340
-4539
-3471
-5073
-2403
-3738
-3738
-2136
-1068
-5340
-7476
-5340
-4806
-7209
-5874
-7743
-6675
-5607
-9880
-8811
-5607
-8010
-4806
-4539
-8010
-9078
-6408
-3738
-4539
-801
-3471
-7209
-534
-3738
-2403
0
-267
-1335
-4539
-3204
-801
2136
-4272
-5340
-8811
-1068
-2403
-4272
-5340
-1602
534
2136
-5340
-1602
-5874
-4005
-1335
-801
-1869
-6141
-9078
-3738
267
-5073
-5073
-4005
-5073
-2937
-1869
-3471
-5607
-1869
-2937
-7209
-5340
-1068
-1335
-6675
-5607
-3738
-2937
-8544
-1869
-4806
-1869
-4539
-4005
-3471
-2403
-2136
-801
-1869
-9346
-5073
-1335
-3471
801
-2403
-6675
-8544
-9346
-4005
-5874
-13351
-10681
-6675
-6408
-2670
-1068
-3738
-2136
-3738
-6408
-2136
1068
-1602
-2136
-6408
-5073
-5874
-4272
1068
-801
-3471
-2403
-801
-1602
-5874
-5607
-3738
-7476
-8010
-4272
-3204
-5340
-8010
-2136
-5340
-5874
-10147
-8277
-6408
267
-2937
-1068
-4806
-8010
-7209
-4539
-5340
-10948
-7743
-14419
-9078
-5340
-5874
-4272
-3738
-10147
534
2937
-3471
-5340
-1602
-2403
-5073
-1869
-5607
-267
-4005
-8277
-2937
-6141
-5607
-6141
-6675
-1335
2403
2937
-2403
-5073
-6141
-3471
-7476
-1068
-2937
-6141
267
-8277
-1869
-8277
-6675
-6675
-1068
-3738
-5607
-2136
-2670
-3738
-6408
534
-2136
-1068
-5340
0
-7476
-4806
-2136
-5340
-9078
-2670
-6942
-2670
0
-4272
-5340
-4806
-4272
-1602
-2670
-6942
-4806
-5340
-6408
-1068
-2670
-10147
-5874
-4806
-1068
-9613
1068
-1068
-2136
-4272
-2136
-1602
267
1335
-5073
-1869
-4539
-6141
-5340
-4005
-5607
-6141
-5340
-2403
-2136
-4806
-5874
-5340
-6408
-8277
-4539
-5874
-5340
-2136
-4005
2403
3738
-2670
-1869
-1869
1335
-1602
-3738
-7743
-5073
-11482
-5073
-2937
-2403
-6141
-7743
-7476
-5874
-6408
-5874
-2136
-6408
-2136
-6408
-4272
0
-8544
-8544
-534
-801
-4005
1602
2670
1335
-4005
-3204
-2937
-5073
-4539
-7743
-4005
-2403
-4539
-7209
-801
-4005
-4539
-4539
-7209
-12817
-10681
-5340
-8010
-534
-4272
-534
-4806
-3204
-8544
-1068
-1068
-3738
-6408
-2670
-2403
2136
3204
-5340
-4539
-6141
-1869
-4539
801
-1335
-1602
-2403
-534
-4272
-5340
-1602
-4272
-2937
-6141
-10147
-4005
-4005
-4005
-3738
-1068
-4806
-6942
-4806
-8277
-4005
-3738
-5073
-1869
-801
-1068
-3204
-6141
-6942
-11215
-7743
-6942
-5340
-8544
-6942
-4272
0
267
-1602
801
1068
1869
-5607
-3471
267
-4005
-6675
-7209
-3471
-801
-3471
-2403
-4005
-6141
-1869
534
-2136
-2670
-2403
2136
5073
